231
791
    587
        769
        1680
        1255
        1362
        1161
        851
        1569
        1504
        60
        629
    1423
        1250
        1405
        759
        155
        1070
        85
        240
        1100
    1229
        909
        870
        1019
        461
        765
        433
        635
        261
        100
    1495
        1410
        244
        1269
        13
    602
        227
        1133
        1533
        794
1490
    1444
        740
    1525
        253
    1332
    207
        290
        770
        212
        407
        1013
        689
    25
        1282
        1261
        1060
        811
        393
            1653
            1592
        709
            584
            1599
            644
        1343
        486
    1497
        333
        806
        56
        1116
        1188
    788
        173
    145
        1448
        130
        619
    798
        613
        819
        621
    664
        1377
        1092
            1648
            1668
        255
        1357
        495
431
    1259
        1427
        1061
        389
        166
        996
        1271
        472
        1408
        882
        1210
        311
        179
        1245
        1552
        150
        991
        1285
        823
    362
        741
        508
        512
        1432
        1069
        1577
        598
        492
        952
        350
        111
        518
        278
        674
        221
        1342
        1304
        273
        1419
        271
        301
        246
    1009
        534
        1358
        198
        501
        1556
        481
        1510
        354
        1522
        264
        1287
        184
        284
        728
        976
        1488
        447
        923
        1489
        30
        1644
        1310
755
    1010
    1203
    1439
        1449
        11
    190
    994
        864
        10
        363
    353
    1601
    132
        961
        467
        993
378
    542
        1146
        1140
        1641
    1268
    810
        1172
        606
        943
    967
    504
    727
        988
        1535
        776
        1537
            1479
            81
        1655
        203
            1218
            1109
            401
            476
            1406
        441
            1580
            867
            1276
        1118
        1654
            435
            615
    894
        604
        410
    1696
        1059
        773
        1148
    1416
        1513
        924
        289
        1397
        650
1579
    359
        1550
            1334
            237
            890
            915
            63
            1675
            475
            22
            547
    763
        898
        1166
        1194
        232
            824
            1683
        488
            840
            726
        608
        775
        1501
        850
        735
    1591
        855
        949
            1115
            817
            981
            298
        910
        925
        1460
        383
            800
            1609
            918
            62
        8
            397
            1230
            681
            1225
            70
    989
        1559
            1524
            1232
            1353
            1583
        666
            965
            211
            415
            468
            1608
        1211
            78
            1657
        592
        880
            1369
            843
            388
            291
            954
            1438
        1291
            1242
            1527
            1656
        696
            649
            574
            1170
    865
        186
            595
        194
            863
            1084
            251
        1175
            1536
            729
        1518
            842
            436
            829
            1206
    1651
        1223
        1283
    1056
        1345
        1289
        834
        716
    885
        1691
            536
            1152
        1632
            1478
            442
            40
        336
            31
            1381
            1590
    71
        1517
        1159
        1689
        259
        454
        590
            582
            1309
            632
            77
        1453
            201
            1193
            526
            712
            215
            380
        87
        76
    283
1394
    418
        697
        913
        243
        1235
        743
        1658
            1262
            41
        214
            123
            564
        38
            784
            548
659
    673
        750
            19
                1297
1057
    513
        98
        1350
        1391
        778
            200
    813
        1327
            15
859
    352
    1473
    1216
803
    866
        717
        1635
        93
        888
        1082
        902
        1545
        254
    1326
        964
        1614
        1572
250
    7
    1252
    463
    543
    457
    678
    1485
    1086
    1669
        428
        1440
        779
        814
        1226
    1695
    420
    238
    546
    642
    74
    1120
        672
        552
        631
    1613
    391
    795
        220
        275
            970
            338
        1351
    1561
    1027
        815
        1147
        1065
            357
            1042
            1045
            982
        929
    583
        1185
    506
        498
        658
            308
        953
        900
            1129
    1420
        874
        1122
        1674
        538
            1365
        1036
            1307
        1101
            88
            708
            1093
        990
            1539
            1361
    724
        511
    1629
    1335
        485
            1007
            1142
            69
        1687
            108
            1512
            32
            294
            68
            443
            906
            922
            79
            1044
            733
            853
            403
            1264
            749
            272
            97
    1167
    1402
    329
    1190
1452
    903
        45
        1064
        474
    1671
        385
            519
            1030
            1425
1182
    1288
        675
            502
1692
    1198
        1315
            1267
    785
        1636
    1661
        731
            1021
1600
    1107
        571
            614
            1033
            465
        1243
        216
            1612
            783
            1494
        1370
            556
            764
            836
            137
            1024
        609
            1379
            448
            787
            1451
            1137
            334
                505
                379
    581
    736
        1168
            544
        657
            1631
            1005
            1463
    1302
    55
        1141
            1625
            969
            1236
            487
            1564
        425
        296
        1521
        640
            23
            154
        835
            1111
            1176
            67
        896
            1677
            1418
            1442
    1684
        1666
        1606
            683
            520
                122
                873
                786
                1054
                1603
                665
                479
                    676
                    875
                    636
                    1201
                1254
                470
                627
            646
            1279
            1049
            852
                818
                926
        1325
        580
            876
            1073
            1179
            1207
            1498
            1503
            781
                748
                549
                1151
                758
            1205
        14
            789
            1573
            1117
            1184
            892
            165
            1415
    872
        426
            569
            1108
            535
            1260
            971
            1401
                1102
            138
                268
                1575
            950
                944
                193
            714
                377
                147
        406
        252
            757
            1322
            1331
                493
                1018
                153
            1303
            573
                1091
                616
            1022
        1373
        1313
            1041
                394
                1392
                684
                958
            1413
            187
                804
                997
                1053
            427
            125
                942
                1220
                1273
                367
                1119
            648
                1090
        361
    287
        1088
        265
            1238
            1523
            1516
                1040
                276
        1481
            1565
            883
        339
            1471
            1074
            1685
        747
            978
    968
        1496
        1541
        434
    995
        723
        1618
            1321
            1380
            135
            1676
            1275
        59
        262
1482
    730
    228
    593
        732
            1547
            458
            136
            601
        225
        1247
        1429
        1404
        523
        162
        1690
        1127
        1607
        446
        1360
    1249
        1578
        972
        1555
        1078
        1388
    1426
        1221
        1528
        292
        987
        704
        1650
        1589
        671
        858
    1398
        1663
        277
        1480
        1619
    854
        1414
        1
        1286
        320
        737
        1581
    879
        1256
        1320
        956
        1530
        1002
    1531
        242
        911
        703
        1567
        1605
    605
        1472
        0
        927
        710
        1628
        1017
        316
        1280
        567
        160
    143
        545
        263
        366
        921
        270
        936
        1634
        402
            1037
            1165
            715
        464
    381
        1132
        47
            423
        623
            1697
            1237
            529
            816
        1586
        106
        274
        205
        1177
        861
        112
    371
1224
    933
        118
        6
        591
        1387
        1364
        204
        687
    235
    871
        624
        977
        126
        1187
    170
        18
        767
        42
        1585
    1566
        670
        1441
        267
        1072
        525
        754
    440
        1403
        1491
    33
        269
        839
        151
        208
    1673
        1593
        304
        1595
    105
        1421
        618
        1222
        478
        744
    1443
        114
            577
            1646
            1097
            680
            904
            133
        54
            328
            612
        1546
            1006
            1240
            1162
            26
            390
            822
            507
    1081
        219
        1611
        1077
        1050
        1476
1532
    293
        65
        1445
        1266
            669
            1164
            4
        1560
        1066
            1431
            1623
            655
            572
            167
            260
            793
        828
        1134
        209
            1508
    986
        330
        562
        1076
        499
        1318
        938
            1171
            682
        206
            517
            1477
            887
            64
            414
        766
            58
            801
            1638
            551
    107
        1492
            450
            175
            941
            790
            117
            1354
        1174
            1409
            360
            1038
            937
                89
                86
                1620
            1624
        1412
        226
            914
            1043
            634
            677
    500
        1012
            821
            1576
            1395
            881
            846
            891
            439
            947
                1306
                    1356
                    1316
                    611
                    957
                1068
        342
        48
            376
        565
        1244
    1299
        480
            1341
            1376
            1474
        533
        416
        213
            1016
            772
            692
            797
            1506
            1455
        20
            35
            295
            973
            1153
            928
        1121
        326
        594
            1083
            686
            1493
            960
    113
        282
        429
        1114
        1125
            82
            690
            656
            456
            49
        1145
            1113
            324
            524
            980
            1647
            889
            466
395
    1621
        83
        1694
        387
        999
        158
        1526
        1294
        1089
    1257
        169
            809
            1004
            868
        1233
        575
        358
        1079
            528
            195
            691
        1574
        256
    1200
        1323
            1130
            398
            1293
            1660
        1396
            588
            1399
        1031
            516
            109
            1274
        746
            1195
            638
            1693
        188
            514
            1568
        557
            1032
            247
            27
        432
            530
            1328
        1156
            90
            1664
    663
        1630
            693
            453
            1389
            1372
        399
            178
                309
                483
            1682
                701
                1551
            1075
                1025
                1149
            1469
                939
    1278
        578
        1338
        1374
            917
            482
    603
    1615
        893
            688
            75
            751
            1183
            36
            241
            654
                408
                521
                372
                837
            285
            734
            174
            496
            1679
            1462
        1157
            1507
            878
            966
            820
        713
            1344
            1407
            1617
            706
            1312
            176
    561
        144
        694
        452
        222
        411
        1163
        1483
        707
    761
653
    1110
        412
        948
        934
        148
        12
        115
        1330
            94
            459
        722
        1014
        1604
            1459
            1039
            877
            28
            17
            503
    1596
        1454
        477
        248
        645
    351
        102
        21
        1570
        1633
        119
        1562
            782
            1584
        1447
        1124
        1270
        1026
        199
        9
            570
            1295
            142
            625
            916
            1189
        1239
            610
            1180
            668
            1144
        1499
            895
            1548
            599
            348
        946
        405
        161
        1063
        639
    998
    337
    92
        1000
        558
        637
        437
        1610
        1169
        327
        1234
        319
        356
        1096
        1348
        812
    1202
        392
        1385
        53
        73
            527
            299
            444
        1214
            1305
            286
    768
        600
        177
        344
        907
        641
        197
        494
        375
        762
    945
        912
        128
        303
        962
        1246
        1001
        1052
        451
        163
        43
        37
        1437
        532
        1665
        1649
    312
        257
        607
        1251
            698
            771
            1465
            1672
        297
        50
        127
            1253
            1047
            652
            1456
            884
            484
            1300
            661
            1333
        1433
        2
        438
        1277
        1355
        101
            1340
            1241
            847
            1155
        1281
            963
            1080
            849
            3
        622
            1640
            1087
            718
        1186
140
    540
        183
            1055
        1368
            471
            1103
            1652
            34
            515
            1150
            825
                1659
                951
            1248
        1178
        325
        39
        157
            1543
        745
            1011
            1464
            1386
                1258
                1643
            340
                373
                1626
                699
            1542
            460
            1336
        121
            1228
                838
                1085
                848
            1390
            1642
            1349
            1411
            1563
            563
            1219
        1515
            860
            239
            1154
            620
                774
                1509
                807
                72
            1500
        1292
            1209
            585
                210
                16
                1371
                    579
                    1422
                    1071
                139
                    1352
                    1363
            1366
            24
            796
            341
                424
            1622
        1534
            1645
            1104
            1339
            1296
            355
            738
        1028
            159
            229
                419
                537
                1598
            134
            1367
            662
    1486
        1457
        131
            539
            315
            1094
            1015
            370
            185
            617
            223
            374
            1435
            983
        369
            802
            651
            975
            404
        711
            1099
            1212
            364
        886
            1553
            156
            1023
        322
            935
            1378
            234
            753
            266
            382
        1181
            192
            1324
            856
            1314
            1029
            1196
            739
            931
            1639
        335
            1298
            1400
            831
            1686
    1311
    61
        897
            1098
            1540
            120
            1588
            1317
        1688
        1003
        1058
            531
            473
        1136
            1265
            1468
            1434
        323
            1558
        1430
            845
            66
        1191
    409
        1511
        1383
            1393
            469
            191
            979
            1106
            1284
        1667
            862
            196
            332
            99
        1095
            386
            959
                695
                832
    384
        805
            1173
            792
            1529
            1375
        568
            1681
            633
            940
            180
            129
        116
            218
            1337
        1637
            1263
            5
        1505
            1227
            522
            321
        1458
            1347
            844
            1670
            302
            1384
        955
            51
            626
            1213
            1051
            1192
    920
        799
            596
            1131
        1487
            705
            331
            224
            908
                685
                719
                510
                217
        777
            667
            932
            541
            1197
            279
            349
        1514
        1035
        827
            984
            1616
            1208
            1627
        346
            643
            826
        1450
    164
        396
        249
        314
            317
            57
            288
        104
            124
            555
            1138
        1290
            172
            343
            96
        1272
            808
            830
            857
        1467
    1519
        725
        1329
            1417
            1549
            597
            152
            1135
            1020
        149
            497
            413
            628
        46
        586
            189
            660
        95
            700
        1308
            445
            589
            84
            1048
            182
1698
    1160
        1067
            742
            780
            702
        647
            490
            236
    110
        44
            1470
        400
            1128
            841
        905
            1126
            1475
            1466
        489
            422
            1484
            1557
            756
        509
    1678
        29
        455
        1554
        305
            720
            318
        52
        1346
    1034
        1301
        576
    1582
        146
    1502
        430
        141
        985
        1382
    760
679
    1424
        365
        421
        1143
        553
        1008
            992
            202
        245
            1520
        230
        1105
        1215
            1587
            91
            1199
            1461
            1204
            1359
            417
        281
    1139
        310
        258
        550
        449
    630
        1217
        1662
        752
        233
        103
        1112
    901
        1231
        368
        833
    313
        1436
        560
        559
    1544
    491
    869
